Added edge [0, 7 : 0.16] [7, 0 : 0.16]
Added edge [2, 3 : 0.17] [3, 2 : 0.17]
Added edge [1, 7 : 0.19] [7, 1 : 0.19]
Added edge [0, 2 : 0.26] [2, 0 : 0.26]
Added edge [5, 7 : 0.28] [7, 5 : 0.28]
Added edge [1, 3 : 0.29] [3, 1 : 0.29]
Added edge [1, 5 : 0.32] [5, 1 : 0.32]
Added edge [2, 7 : 0.34] [7, 2 : 0.34]
Added edge [4, 5 : 0.35] [5, 4 : 0.35]
Added edge [1, 2 : 0.36] [2, 1 : 0.36]
Added edge [4, 7 : 0.37] [7, 4 : 0.37]
Added edge [0, 4 : 0.38] [4, 0 : 0.38]
Added edge [6, 2 : 0.4] [2, 6 : 0.4]
Added edge [3, 6 : 0.52] [6, 3 : 0.52]
Added edge [6, 0 : 0.58] [0, 6 : 0.58]
Added edge [6, 4 : 0.93] [4, 6 : 0.93]
MST:
0 - 7 : 0.16
7 - 1 : 0.19
0 - 2 : 0.26
2 - 3 : 0.17
7 - 5 : 0.28
5 - 4 : 0.35
2 - 6 : 0.4